{
  "sampler_0": {
    "cov": [
      [
        1.3230406045913696,
        -0.1789393573999405,
        -0.13806067407131195,
        -0.1003391221165657,
        -0.11783410608768463,
        0.0672159418463707,
        0.12699054181575775,
        0.18841883540153503,
        -0.15823468565940857,
        0.08162330836057663,
        0.10805220901966095,
        0.13675053417682648,
        -0.17012260854244232,
        0.002088146982714534,
        0.0704357773065567,
        0.06136038154363632,
        0.002136553404852748,
        0.32903701066970825,
        -0.0520639643073082,
        0.016275601461529732,
        -0.07072514295578003,
        0.046259086579084396,
        -0.04702066630125046,
        0.041063327342271805,
        0.0628661960363388,
        0.0012027481570839882,
        0.08832384645938873,
        0.29040446877479553,
        -0.05511130392551422,
        0.12322244048118591,
        -0.05623067170381546,
        0.1568196564912796,
        0.1379447728395462,
        0.13007500767707825,
        0.19699828326702118,
        -0.09583990275859833,
        -0.15662290155887604,
        0.015671147033572197,
        0.03193044662475586,
        0.04475359991192818,
        0.04569550231099129,
        0.20098240673542023,
        0.1465853750705719,
        0.07702772319316864,
        -0.09465714544057846,
        -0.20202185213565826,
        -0.11744903773069382,
        -0.05819683149456978,
        0.13510598242282867,
        -0.040409304201602936,
        0.036289434880018234,
        -0.008803392760455608,
        0.2101515531539917,
        -0.07141860574483871,
        0.1445053070783615,
        -0.048726748675107956,
        0.11211782693862915,
        0.10241919755935669,
        -0.15395072102546692,
        0.05785897746682167,
        -0.07321130484342575,
        -0.15503951907157898,
        0.1883249431848526,
        0.03597094863653183
      ],
      [
        -0.1789393573999405,
        1.705137848854065,
        -0.10501226782798767,
        -0.012931345030665398,
        0.036894917488098145,
        0.031871866434812546,
        -0.11783944070339203,
        0.18002836406230927,
        0.15600450336933136,
        -0.1325480192899704,
        0.23124687373638153,
        0.2268894910812378,
        0.10667935758829117,
        0.0731295794248581,
        0.11217253655195236,
        -0.26895731687545776,
        0.06351728737354279,
        0.262277752161026,
        -0.10886549204587936,
        0.16708381474018097,
        0.15236321091651917,
        0.014534697867929935,
        -0.037770677357912064,
        -0.14904651045799255,
        0.0380924791097641,
        0.0021015109959989786,
        -0.19700615108013153,
        -0.10665937513113022,
        -0.2930176258087158,
        0.0621214359998703,
        -0.027794718742370605,
        0.04714391380548477,
        0.11834080517292023,
        -0.35907021164894104,
        0.06862145662307739,
        0.29593968391418457,
        -0.10965927690267563,
        0.00515699153766036,
        -0.05511856451630592,
        0.25041821599006653,
        -0.029946036636829376,
        0.06090720742940903,
        -0.021380607038736343,
        0.12345908582210541,
        -0.133663147687912,
        0.2809002697467804,
        0.11592449247837067,
        0.1897636353969574,
        0.01557385828346014,
        0.0034537503961473703,
        0.01019085943698883,
        0.10160494595766068,
        -0.011410679668188095,
        0.018104448914527893,
        0.026696044951677322,
        0.22237148880958557,
        -0.266082763671875,
        -0.06466054171323776,
        0.007947764359414577,
        -0.0795416533946991,
        -0.14420415461063385,
        -0.058796476572752,
        -0.22474022209644318,
        0.051543962210416794
      ],
      [
        -0.13806067407131195,
        -0.10501226782798767,
        1.4398024082183838,
        0.03629034757614136,
        0.08734815567731857,
        -0.22069306671619415,
        -0.1765066236257553,
        -0.0018295655027031898,
        -0.09217517077922821,
        0.13711261749267578,
        -0.02241159975528717,
        -0.21606668829917908,
        0.3385554850101471,
        -0.20748260617256165,
        0.05588111653923988,
        -0.2750576436519623,
        -0.03844999149441719,
        -0.018547959625720978,
        -0.024592500180006027,
        -0.2588072121143341,
        -0.13110962510108948,
        0.18953195214271545,
        -0.04926251620054245,
        0.08446558564901352,
        0.10104208439588547,
        0.07358019053936005,
        0.06307302415370941,
        0.19015882909297943,
        0.07758653163909912,
        -0.01774413324892521,
        -0.10353241860866547,
        0.21619418263435364,
        -0.008597156964242458,
        0.12283413112163544,
        -0.019159888848662376,
        0.1827104240655899,
        -0.0008335543680004776,
        0.07941045612096786,
        -0.11960265785455704,
        0.14513903856277466,
        -0.031112676486372948,
        -0.13334333896636963,
        -0.03136882185935974,
        0.004520358983427286,
        -0.08646087348461151,
        0.02066299505531788,
        -0.20691774785518646,
        -0.1380724310874939,
        0.03699050098657608,
        -0.20161674916744232,
        0.22447152435779572,
        0.07896900177001953,
        0.05243778973817825,
        -0.041512951254844666,
        0.15287087857723236,
        -0.17363029718399048,
        -0.02840902842581272,
        0.04119456559419632,
        0.06264796108007431,
        0.08499795198440552,
        0.05153636261820793,
        -0.032198768109083176,
        -0.08374274522066116,
        0.20529551804065704
      ],
      [
        -0.1003391221165657,
        -0.012931345030665398,
        0.03629034757614136,
        1.3104368448257446,
        0.34866395592689514,
        0.03701188787817955,
        -0.05934935435652733,
        0.14607888460159302,
        0.03434508293867111,
        -0.10924573987722397,
        -0.0029438685160130262,
        -0.020877055823802948,
        0.12528616189956665,
        -0.06539495289325714,
        -0.21597032248973846,
        0.17812825739383698,
        -0.13949283957481384,
        -0.05745469033718109,
        0.26205021142959595,
        0.012533111497759819,
        -0.16243135929107666,
        -0.06500918418169022,
        0.019118279218673706,
        -0.2611037492752075,
        0.12959782779216766,
        -0.041969284415245056,
        0.02470858208835125,
        -0.02060064859688282,
        -0.057414695620536804,
        0.179972305893898,
        0.028946753591299057,
        0.3355735242366791,
        -0.094173863530159,
        -0.07602737843990326,
        -0.2770203948020935,
        -0.12077213078737259,
        -0.07299508154392242,
        0.056974492967128754,
        0.06757032126188278,
        0.02391662448644638,
        0.012850742787122726,
        -0.17807960510253906,
        0.13010273873806,
        0.09331516176462173,
        -0.053247176110744476,
        -0.06708480417728424,
        0.036301929503679276,
        0.17139728367328644,
        0.08280601352453232,
        0.015934616327285767,
        -0.09040751308202744,
        0.11460918188095093,
        0.1538131982088089,
        0.12895403802394867,
        0.06637593358755112,
        -0.023085348308086395,
        -0.23195040225982666,
        0.0067301467061042786,
        -0.04560575634241104,
        -0.07051371783018112,
        -0.09236254543066025,
        0.1496337354183197,
        0.0021419734694063663,
        -0.032841235399246216
      ],
      [
        -0.11783410608768463,
        0.036894917488098145,
        0.08734815567731857,
        0.34866395592689514,
        1.555104374885559,
        -0.05081326514482498,
        -0.14533631503582,
        -0.003213732037693262,
        -0.01508402545005083,
        -0.08297368884086609,
        -0.27228423953056335,
        -0.21048732101917267,
        0.14094144105911255,
        0.007101997267454863,
        0.07897824794054031,
        0.11325015872716904,
        -0.22016842663288116,
        0.239731565117836,
        0.12648923695087433,
        -0.15297996997833252,
        -0.008624965324997902,
        0.34528693556785583,
        0.04078938066959381,
        -0.14165663719177246,
        -0.07665844261646271,
        -0.20163053274154663,
        0.260521799325943,
        -0.12023104727268219,
        -0.1590476930141449,
        -0.08158276230096817,
        -0.15903083980083466,
        0.2185555398464203,
        0.18258683383464813,
        -0.2359163463115692,
        -0.18914584815502167,
        0.05004245787858963,
        -0.041327569633722305,
        -0.05402063578367233,
        0.18851593136787415,
        -0.008690320886671543,
        0.02523041144013405,
        -0.12763001024723053,
        -0.029408665373921394,
        -0.08251246064901352,
        0.12857690453529358,
        0.04779557138681412,
        -0.08114748448133469,
        -0.11982091516256332,
        0.2432592809200287,
        0.3636820614337921,
        0.14085866510868073,
        0.2620651423931122,
        -0.17837265133857727,
        0.008731937035918236,
        0.004505626857280731,
        -0.004889395087957382,
        -0.32288458943367004,
        -0.1456783413887024,
        0.005585662554949522,
        0.03717809543013573,
        0.06085767596960068,
        0.237540602684021,
        0.1656617671251297,
        0.011947277933359146
      ],
      [
        0.0672159418463707,
        0.031871866434812546,
        -0.22069306671619415,
        0.03701188787817955,
        -0.05081326514482498,
        1.287161946296692,
        -0.23395898938179016,
        -0.030984265729784966,
        0.016042189672589302,
        -0.05367431044578552,
        0.11882342398166656,
        -0.06551852077245712,
        -0.04503747448325157,
        0.15258654952049255,
        -0.005891116801649332,
        -0.01656000129878521,
        0.015028893016278744,
        -0.2506936490535736,
        0.14922501146793365,
        0.12189377844333649,
        -0.002513442886993289,
        -0.19168345630168915,
        -0.1144496351480484,
        -0.032826509326696396,
        -0.016042448580265045,
        -0.07154107838869095,
        -0.019427921622991562,
        0.1504034548997879,
        0.11531830579042435,
        -0.18899792432785034,
        0.02592340111732483,
        0.0009379785042256117,
        0.06207931414246559,
        0.04786337912082672,
        -0.05572674423456192,
        -0.052527256309986115,
        -0.09529995173215866,
        0.09371915459632874,
        -0.2446129024028778,
        -0.18400956690311432,
        -0.04153917357325554,
        0.0805998295545578,
        -0.1132725328207016,
        0.012039624154567719,
        -0.047522056847810745,
        -0.0446229986846447,
        0.15301571786403656,
        0.2734387516975403,
        -0.039102960377931595,
        -0.17942360043525696,
        -0.03318176791071892,
        -0.07461871206760406,
        0.08858753740787506,
        0.008933309465646744,
        -0.2449272722005844,
        0.02074243128299713,
        -0.07933393865823746,
        -0.021646954119205475,
        -0.08554776012897491,
        -0.013699608854949474,
        -0.08620289713144302,
        -0.13672399520874023,
        0.2326866239309311,
        -0.22082646191120148
      ],
      [
        0.12699054181575775,
        -0.11783944070339203,
        -0.1765066236257553,
        -0.05934935435652733,
        -0.14533631503582,
        -0.23395898938179016,
        1.0866904258728027,
        -0.04039272293448448,
        0.1104249581694603,
        0.025447137653827667,
        -0.0572698749601841,
        0.10667632520198822,
        -0.044470056891441345,
        0.19443555176258087,
        0.05893591791391373,
        -0.09891104698181152,
        0.0439772866666317,
        0.21339046955108643,
        -0.018531758338212967,
        -0.0792182981967926,
        -0.08842387050390244,
        -0.03489762917160988,
        -0.01816212199628353,
        0.012043984606862068,
        -0.0072877900674939156,
        -0.03438551723957062,
        -0.06252396106719971,
        0.05114644020795822,
        0.09049949049949646,
        0.18537841737270355,
        -0.017479564994573593,
        -0.14461348950862885,
        -0.020834730938076973,
        -0.06271569430828094,
        0.003333229571580887,
        -0.06924331933259964,
        0.017199356108903885,
        0.05253304913640022,
        -0.05588104948401451,
        0.07446077466011047,
        0.053564030677080154,
        -0.03070143237709999,
        0.37457260489463806,
        -0.14735665917396545,
        -0.1402202993631363,
        0.09285126626491547,
        -0.007427837699651718,
        -0.07713086158037186,
        -0.11715321242809296,
        -0.18238088488578796,
        0.034754496067762375,
        0.026686228811740875,
        0.0721980631351471,
        -0.20499850809574127,
        -0.07548161596059799,
        -0.1274343580007553,
        0.07356284558773041,
        0.04321733117103577,
        -0.08321751654148102,
        -0.11832278966903687,
        0.065582774579525,
        -0.1162523627281189,
        0.13231514394283295,
        -0.0017891412135213614
      ],
      [
        0.18841883540153503,
        0.18002836406230927,
        -0.0018295655027031898,
        0.14607888460159302,
        -0.003213732037693262,
        -0.030984265729784966,
        -0.04039272293448448,
        1.6356252431869507,
        -0.15285049378871918,
        0.030303282663226128,
        0.12146809697151184,
        0.17011959850788116,
        0.2506188154220581,
        -0.10558386147022247,
        0.1399315744638443,
        0.08584384620189667,
        -0.040795471519231796,
        -0.04543989524245262,
        -0.10226067155599594,
        -0.04968467354774475,
        0.0696609690785408,
        0.006649808958172798,
        0.09801236540079117,
        -0.05503305792808533,
        0.08910790830850601,
        0.28327369689941406,
        -0.011725290678441525,
        0.08449582755565643,
        -0.2044125497341156,
        -0.15050216019153595,
        -0.0458252839744091,
        -0.03831658139824867,
        -0.12097318470478058,
        -0.04741276055574417,
        0.24203087389469147,
        0.029516683891415596,
        -0.14017470180988312,
        -0.0278400219976902,
        0.020582737401127815,
        0.2448897361755371,
        0.04917684197425842,
        -0.06104709953069687,
        -0.11579481512308121,
        0.13964597880840302,
        -0.024890704080462456,
        0.20831570029258728,
        0.02522345818579197,
        0.12119220197200775,
        0.05379224941134453,
        -0.1277882307767868,
        -0.07658778876066208,
        0.04808953031897545,
        -0.057557325810194016,
        0.2905040979385376,
        -0.06400003284215927,
        -0.05962963029742241,
        0.053305480629205704,
        0.2704918086528778,
        0.08188796043395996,
        -0.1352008581161499,
        -0.03221350908279419,
        -0.01957910880446434,
        -0.22271452844142914,
        0.18818911910057068
      ],
      [
        -0.15823468565940857,
        0.15600450336933136,
        -0.09217517077922821,
        0.03434508293867111,
        -0.01508402545005083,
        0.016042189672589302,
        0.1104249581694603,
        -0.15285049378871918,
        1.2613186836242676,
        -0.11372581869363785,
        0.055027466267347336,
        -0.057524651288986206,
        0.3113269507884979,
        0.08027733117341995,
        0.043275102972984314,
        -0.06621817499399185,
        0.025990571826696396,
        0.0671754702925682,
        0.16663815081119537,
        -0.17808863520622253,
        -0.0610579252243042,
        -0.10446695983409882,
        -0.027341514825820923,
        -0.12269983440637589,
        0.024325581267476082,
        -0.012645256705582142,
        -0.01786169968545437,
        -0.03480096533894539,
        -0.07334091514348984,
        -0.07610747218132019,
        -0.030017876997590065,
        0.015826741233468056,
        -0.013832519762217999,
        -0.02092006988823414,
        -0.175639346241951,
        0.014546236023306847,
        0.1657295525074005,
        0.2417537271976471,
        0.0621185302734375,
        0.0013159161899238825,
        -0.11724650859832764,
        -0.07184991240501404,
        0.21176153421401978,
        0.005811329931020737,
        -0.08360875397920609,
        0.007524749729782343,
        0.287041038274765,
        0.09855286031961441,
        0.0007366730715148151,
        0.11934951692819595,
        0.06028281897306442,
        0.1334386020898819,
        0.3044947385787964,
        -0.2635563313961029,
        -0.10859806835651398,
        0.05336949601769447,
        -0.009073897264897823,
        -0.08189591020345688,
        0.21450595557689667,
        -0.29668280482292175,
        0.10316333174705505,
        0.32233691215515137,
        0.12372768670320511,
        -0.006529282312840223
      ],
      [
        0.08162330836057663,
        -0.1325480192899704,
        0.13711261749267578,
        -0.10924573987722397,
        -0.08297368884086609,
        -0.05367431044578552,
        0.025447137653827667,
        0.030303282663226128,
        -0.11372581869363785,
        1.217145323753357,
        0.010778814554214478,
        0.2772600054740906,
        0.0030295930337160826,
        0.06611640006303787,
        0.23550845682621002,
        -0.2312246561050415,
        0.03538811206817627,
        -0.11745455861091614,
        -0.06651581823825836,
        -0.17072905600070953,
        -0.03717372566461563,
        -0.09443507343530655,
        -0.42623794078826904,
        -0.15995438396930695,
        0.08247517794370651,
        0.12869396805763245,
        -0.026017392054200172,
        0.10859064012765884,
        -0.17633657157421112,
        0.05794448405504227,
        -0.0031615104526281357,
        0.0379377156496048,
        -0.20950424671173096,
        -0.03053455986082554,
        0.11980488151311874,
        0.1408933401107788,
        0.08232144266366959,
        -0.04522789642214775,
        0.12949903309345245,
        -0.14035172760486603,
        0.1587447077035904,
        -0.04167966544628143,
        0.06828809529542923,
        -0.027573149651288986,
        0.08251474052667618,
        -0.2414889633655548,
        -0.12062699347734451,
        -0.05968895182013512,
        0.17789074778556824,
        -0.0738188698887825,
        0.13400676846504211,
        -0.15504337847232819,
        0.05625661462545395,
        -0.06552904099225998,
        -0.014709526672959328,
        -0.06472153961658478,
        0.07290389388799667,
        0.11779433488845825,
        0.06487996131181717,
        0.1364552527666092,
        0.2832804322242737,
        -0.24107490479946136,
        0.0740543082356453,
        0.22542309761047363
      ],
      [
        0.10805220901966095,
        0.23124687373638153,
        -0.02241159975528717,
        -0.0029438685160130262,
        -0.27228423953056335,
        0.11882342398166656,
        -0.0572698749601841,
        0.12146809697151184,
        0.055027466267347336,
        0.010778814554214478,
        1.0548224449157715,
        0.0032635866664350033,
        0.12724311649799347,
        -0.046237412840127945,
        0.06820966303348541,
        -0.15026246011257172,
        0.0836762934923172,
        0.03530333191156387,
        -0.09236767143011093,
        0.05980677530169487,
        0.0988347977399826,
        -0.17873753607273102,
        0.009123856201767921,
        -0.047380466014146805,
        0.0555252730846405,
        -0.019872838631272316,
        -0.05949565768241882,
        0.08535395562648773,
        -0.0718703344464302,
        -0.05241802707314491,
        0.010925899259746075,
        -0.05557749420404434,
        -0.012569982558488846,
        0.17385922372341156,
        0.09181894361972809,
        0.008417228236794472,
        -0.1521202027797699,
        0.003209570422768593,
        -0.2182113528251648,
        0.10360582917928696,
        -0.0504971481859684,
        0.06612242758274078,
        0.07732144743204117,
        0.0008439132361672819,
        0.2399025857448578,
        -0.10415299236774445,
        0.03056054189801216,
        0.029274629428982735,
        0.04639264941215515,
        -0.15798570215702057,
        0.006830905564129353,
        -0.025909079238772392,
        0.23880423605442047,
        -0.0357474759221077,
        0.07300186157226562,
        0.08123578131198883,
        0.0011056350776925683,
        0.06791835278272629,
        0.11036699265241623,
        0.005494506098330021,
        -0.014826350845396519,
        -0.03784273937344551,
        0.004367056302726269,
        -0.0476740337908268
      ],
      [
        0.13675053417682648,
        0.2268894910812378,
        -0.21606668829917908,
        -0.020877055823802948,
        -0.21048732101917267,
        -0.06551852077245712,
        0.10667632520198822,
        0.17011959850788116,
        -0.057524651288986206,
        0.2772600054740906,
        0.0032635866664350033,
        1.7618017196655273,
        -0.20081792771816254,
        0.1305147409439087,
        -0.18943160772323608,
        0.3184899091720581,
        0.20099955797195435,
        0.23690985143184662,
        0.06122184544801712,
        -0.0013583969557657838,
        0.02506920136511326,
        0.08807982504367828,
        -0.1157795712351799,
        0.11191902309656143,
        -0.033505629748106,
        -0.038086675107479095,
        -0.041940174996852875,
        0.06141769886016846,
        -0.2646329402923584,
        0.1705835908651352,
        0.11659256368875504,
        -0.20178861916065216,
        0.19406987726688385,
        -0.2608974874019623,
        0.36421218514442444,
        0.247484028339386,
        -0.069963239133358,
        -0.10528835654258728,
        -0.009347119368612766,
        -0.05234746262431145,
        -0.1463669240474701,
        0.21335114538669586,
        -0.03495122119784355,
        0.15147492289543152,
        -0.20273911952972412,
        0.14008104801177979,
        -0.050409719347953796,
        0.10993148386478424,
        -0.08790414035320282,
        0.028722381219267845,
        0.05339359864592552,
        0.07043105363845825,
        0.1135835275053978,
        0.22623510658740997,
        0.12138558179140091,
        0.06306985765695572,
        0.10231149941682816,
        0.2365683764219284,
        -0.09696462005376816,
        -0.12893174588680267,
        0.047405801713466644,
        -0.06151873990893364,
        -0.16902393102645874,
        0.041225969791412354
      ],
      [
        -0.17012260854244232,
        0.10667935758829117,
        0.3385554850101471,
        0.12528616189956665,
        0.14094144105911255,
        -0.04503747448325157,
        -0.044470056891441345,
        0.2506188154220581,
        0.3113269507884979,
        0.0030295930337160826,
        0.12724311649799347,
        -0.20081792771816254,
        1.4122098684310913,
        -0.08837949484586716,
        0.10330338776111603,
        -0.015487058088183403,
        0.0032885826658457518,
        -0.08083845674991608,
        -0.03251462057232857,
        -0.22328123450279236,
        -0.06959383934736252,
        -0.022550031542778015,
        0.06397312879562378,
        0.05670686438679695,
        -0.058320000767707825,
        0.15835636854171753,
        0.232948437333107,
        0.13841129839420319,
        -0.1374020278453827,
        -0.2013143002986908,
        -0.14441318809986115,
        0.09029296785593033,
        -0.20704106986522675,
        0.07703424245119095,
        -0.05181661993265152,
        -0.005952472332865,
        -0.01609017141163349,
        0.20305010676383972,
        -0.16233742237091064,
        0.23723992705345154,
        -0.02785860002040863,
        -0.009341527707874775,
        0.05483498051762581,
        -0.0732559934258461,
        0.03415806591510773,
        -0.013411547057330608,
        -0.034853316843509674,
        0.2877320945262909,
        0.009691555984318256,
        -0.17685624957084656,
        0.2826596200466156,
        0.376343309879303,
        0.1595522165298462,
        0.024428635835647583,
        -0.010960955172777176,
        0.06680048257112503,
        -0.0870530903339386,
        0.20072120428085327,
        0.07365509867668152,
        0.15244518220424652,
        0.060714129358530045,
        0.07451050728559494,
        0.28102239966392517,
        0.32359084486961365
      ],
      [
        0.002088146982714534,
        0.0731295794248581,
        -0.20748260617256165,
        -0.06539495289325714,
        0.007101997267454863,
        0.15258654952049255,
        0.19443555176258087,
        -0.10558386147022247,
        0.08027733117341995,
        0.06611640006303787,
        -0.046237412840127945,
        0.1305147409439087,
        -0.08837949484586716,
        1.2089769840240479,
        -0.035235561430454254,
        -0.07875760644674301,
        0.08046827465295792,
        0.09198158234357834,
        0.022025691345334053,
        0.2005264312028885,
        0.05672529339790344,
        0.07225070148706436,
        -0.24694684147834778,
        0.09175325930118561,
        -0.12374481558799744,
        -0.16473901271820068,
        -0.2564818263053894,
        0.006646465044468641,
        0.15231385827064514,
        0.10279546678066254,
        -0.1337037980556488,
        -0.021336589008569717,
        0.04290163889527321,
        -0.09618406742811203,
        0.028406020253896713,
        -0.0840882733464241,
        -0.18036216497421265,
        -0.08768906444311142,
        0.13886526226997375,
        -0.18516720831394196,
        -0.005511080380529165,
        -0.13248857855796814,
        0.202858105301857,
        0.016720503568649292,
        0.007693029474467039,
        0.24112574756145477,
        0.03685342147946358,
        0.20400181412696838,
        -0.14075863361358643,
        -0.16726364195346832,
        0.04570029303431511,
        -0.06443524360656738,
        0.15410982072353363,
        0.012340162880718708,
        -0.03423718735575676,
        -0.020720750093460083,
        -0.17482392489910126,
        0.04526573047041893,
        0.05200738087296486,
        -0.15221109986305237,
        0.09986355900764465,
        0.03458107262849808,
        0.10893461853265762,
        -0.03250594064593315
      ],
      [
        0.0704357773065567,
        0.11217253655195236,
        0.05588111653923988,
        -0.21597032248973846,
        0.07897824794054031,
        -0.005891116801649332,
        0.05893591791391373,
        0.1399315744638443,
        0.043275102972984314,
        0.23550845682621002,
        0.06820966303348541,
        -0.18943160772323608,
        0.10330338776111603,
        -0.035235561430454254,
        1.3798413276672363,
        -0.28601667284965515,
        -0.12569831311702728,
        0.161759153008461,
        -0.15282529592514038,
        -0.23117585480213165,
        0.049253370612859726,
        -0.35514262318611145,
        0.15262198448181152,
        -0.16134600341320038,
        -0.14090223610401154,
        -0.07660357654094696,
        0.16207842528820038,
        -0.0519183911383152,
        -0.03697003796696663,
        -0.19953136146068573,
        0.15207922458648682,
        0.07183049619197845,
        -0.1739705204963684,
        -0.17516952753067017,
        0.24336223304271698,
        0.055721789598464966,
        0.09053616970777512,
        0.004082053434103727,
        -0.007094162981957197,
        -0.0529177263379097,
        0.21233892440795898,
        0.01585952192544937,
        -0.00639151269569993,
        -0.2895790636539459,
        -0.14408917725086212,
        -0.42037221789360046,
        -0.09400057047605515,
        -0.09952796250581741,
        0.0336848683655262,
        -0.09760118275880814,
        0.032168351113796234,
        -0.022169433534145355,
        0.20756782591342926,
        -0.10067245364189148,
        -0.06914380192756653,
        0.18801730871200562,
        0.15299396216869354,
        -0.043147485703229904,
        0.015259861946105957,
        0.12696538865566254,
        0.05019985884428024,
        -0.11752735078334808,
        -0.0054362257942557335,
        0.31149619817733765
      ],
      [
        0.06136038154363632,
        -0.26895731687545776,
        -0.2750576436519623,
        0.17812825739383698,
        0.11325015872716904,
        -0.01656000129878521,
        -0.09891104698181152,
        0.08584384620189667,
        -0.06621817499399185,
        -0.2312246561050415,
        -0.15026246011257172,
        0.3184899091720581,
        -0.015487058088183403,
        -0.07875760644674301,
        -0.28601667284965515,
        1.53046715259552,
        0.07798685878515244,
        -0.013312773779034615,
        0.1579725742340088,
        -0.09694836288690567,
        0.07190300524234772,
        0.23019066452980042,
        0.3072613775730133,
        0.138431578874588,
        0.04149708151817322,
        0.08482936024665833,
        0.25202131271362305,
        -0.05517388507723808,
        0.0028518466278910637,
        -0.06073182821273804,
        -0.006892665755003691,
        -0.07314849644899368,
        -0.04249972850084305,
        -0.03523366153240204,
        -0.009141001850366592,
        0.08652570843696594,
        -0.18904082477092743,
        -0.022756194695830345,
        -0.004298255778849125,
        0.08360692113637924,
        -0.2874531149864197,
        0.15430592000484467,
        -0.023543035611510277,
        -0.02872557006776333,
        -0.00597563898190856,
        0.007565760053694248,
        0.06523865461349487,
        0.02623201534152031,
        -0.12852196395397186,
        0.14522916078567505,
        0.08178606629371643,
        0.012490890920162201,
        -0.17547383904457092,
        0.19502826035022736,
        -0.06729485094547272,
        0.1155700758099556,
        0.26082202792167664,
        -0.07136431336402893,
        -0.05493498593568802,
        0.036743685603141785,
        -0.13235460221767426,
        0.05935903266072273,
        0.01966845989227295,
        -0.03601433336734772
      ],
      [
        0.002136553404852748,
        0.06351728737354279,
        -0.03844999149441719,
        -0.13949283957481384,
        -0.22016842663288116,
        0.015028893016278744,
        0.0439772866666317,
        -0.040795471519231796,
        0.025990571826696396,
        0.03538811206817627,
        0.0836762934923172,
        0.20099955797195435,
        0.0032885826658457518,
        0.08046827465295792,
        -0.12569831311702728,
        0.07798685878515244,
        1.1880632638931274,
        0.07433068007230759,
        0.1594356894493103,
        0.23375049233436584,
        -0.03451906889677048,
        0.18757787346839905,
        -0.06074953079223633,
        0.28670912981033325,
        -0.0418931320309639,
        0.04346498101949692,
        -0.06205266714096069,
        0.1616107076406479,
        -0.08039379119873047,
        0.04536348953843117,
        0.005763855762779713,
        0.04306512326002121,
        -0.17990314960479736,
        0.02476537600159645,
        -0.09859675168991089,
        0.017842549830675125,
        -0.12411531060934067,
        -0.11727817356586456,
        -0.003808506764471531,
        0.17967665195465088,
        -0.04787512496113777,
        0.11120658367872238,
        0.014509339816868305,
        0.1281365156173706,
        0.1416437327861786,
        0.2719023525714874,
        0.19690755009651184,
        0.01549843791872263,
        0.06678415089845657,
        1.2400728337524924e-05,
        -0.07061082124710083,
        0.18621759116649628,
        -0.06971684843301773,
        0.053670674562454224,
        -0.03840009868144989,
        -0.0699542909860611,
        0.1194954439997673,
        0.04403037950396538,
        0.2557556629180908,
        -0.16825738549232483,
        -0.03522330895066261,
        0.13678739964962006,
        0.10340512543916702,
        0.17912286520004272
      ],
      [
        0.32903701066970825,
        0.262277752161026,
        -0.018547959625720978,
        -0.05745469033718109,
        0.239731565117836,
        -0.2506936490535736,
        0.21339046955108643,
        -0.04543989524245262,
        0.0671754702925682,
        -0.11745455861091614,
        0.03530333191156387,
        0.23690985143184662,
        -0.08083845674991608,
        0.09198158234357834,
        0.161759153008461,
        -0.013312773779034615,
        0.07433068007230759,
        1.5244203805923462,
        -0.07429593056440353,
        -0.1539798378944397,
        0.10096217691898346,
        0.18941311538219452,
        0.017065024003386497,
        0.06158428639173508,
        -0.3035659193992615,
        -0.05326147750020027,
        -0.006995768286287785,
        0.04243936389684677,
        -0.1484651118516922,
        0.1298598051071167,
        -0.13353702425956726,
        0.2115703970193863,
        0.29495394229888916,
        0.056017812341451645,
        0.08598048239946365,
        0.016069870442152023,
        -0.10087873786687851,
        -0.06972875446081161,
        0.0697479322552681,
        0.058504022657871246,
        0.003663392039015889,
        -0.21505068242549896,
        0.18302206695079803,
        -0.025087028741836548,
        -0.029553670436143875,
        0.2316163033246994,
        -0.004594325087964535,
        -0.0041027553379535675,
        0.09633376449346542,
        0.12695273756980896,
        0.26349806785583496,
        0.23024070262908936,
        0.1320762038230896,
        -0.12052850425243378,
        -0.021796220913529396,
        -0.08350320905447006,
        -0.012705537490546703,
        0.13119986653327942,
        -0.20244184136390686,
        -0.05440583825111389,
        0.12306968122720718,
        0.16589830815792084,
        0.25851815938949585,
        0.02005881816148758
      ],
      [
        -0.0520639643073082,
        -0.10886549204587936,
        -0.024592500180006027,
        0.26205021142959595,
        0.12648923695087433,
        0.14922501146793365,
        -0.018531758338212967,
        -0.10226067155599594,
        0.16663815081119537,
        -0.06651581823825836,
        -0.09236767143011093,
        0.06122184544801712,
        -0.03251462057232857,
        0.022025691345334053,
        -0.15282529592514038,
        0.1579725742340088,
        0.1594356894493103,
        -0.07429593056440353,
        1.3716838359832764,
        -0.11468599736690521,
        -0.18287165462970734,
        0.014449122361838818,
        -0.10484915971755981,
        -0.16742005944252014,
        0.2095227837562561,
        -0.12431856989860535,
        -0.08437058329582214,
        0.238136887550354,
        -0.26028332114219666,
        0.07934886962175369,
        0.06840988993644714,
        0.055326055735349655,
        -0.2390599548816681,
        -0.06847024708986282,
        -0.3080665171146393,
        0.06080528348684311,
        -0.2554194927215576,
        0.22556670010089874,
        -0.057379405945539474,
        -0.056343574076890945,
        -0.15363655984401703,
        -0.018937407061457634,
        0.009716952219605446,
        -0.027371691539883614,
        0.12276925146579742,
        -0.054090045392513275,
        0.12476424127817154,
        -0.07695082575082779,
        0.17738071084022522,
        0.14865052700042725,
        0.11195643991231918,
        0.16091322898864746,
        0.16356013715267181,
        -0.027647821232676506,
        0.06822177022695541,
        -0.0886654332280159,
        -0.15167607367038727,
        -0.1728534996509552,
        -0.0763593316078186,
        -0.2803885340690613,
        0.07742884755134583,
        0.14063653349876404,
        0.23596791923046112,
        -0.08302219957113266
      ],
      [
        0.016275601461529732,
        0.16708381474018097,
        -0.2588072121143341,
        0.012533111497759819,
        -0.15297996997833252,
        0.12189377844333649,
        -0.0792182981967926,
        -0.04968467354774475,
        -0.17808863520622253,
        -0.17072905600070953,
        0.05980677530169487,
        -0.0013583969557657838,
        -0.22328123450279236,
        0.2005264312028885,
        -0.23117585480213165,
        -0.09694836288690567,
        0.23375049233436584,
        -0.1539798378944397,
        -0.11468599736690521,
        1.412028193473816,
        -0.02086838148534298,
        0.332587331533432,
        0.15355134010314941,
        0.06775008887052536,
        0.01803058385848999,
        -0.11650972068309784,
        -0.27554577589035034,
        -0.1366575062274933,
        0.12331464886665344,
        0.20298589766025543,
        -0.08268977701663971,
        0.10889356583356857,
        -0.05708044394850731,
        0.21940086781978607,
        -0.12292296439409256,
        -0.24626442790031433,
        -0.08362578600645065,
        -0.05345018208026886,
        0.127015620470047,
        -0.0583881139755249,
        -0.07617288082838058,
        -0.15505295991897583,
        0.15799230337142944,
        0.03259214386343956,
        0.26604071259498596,
        0.08963990956544876,
        0.02892710082232952,
        0.1382850706577301,
        -0.17440837621688843,
        -0.08123297244310379,
        -0.24820344150066376,
        -0.00835669320076704,
        -0.10952422767877579,
        0.14660727977752686,
        0.12756837904453278,
        -0.0010422697523608804,
        0.017922604456543922,
        -0.1455625742673874,
        0.05337171629071236,
        0.16889700293540955,
        -0.07384275645017624,
        -0.022154228761792183,
        -0.023122871294617653,
        -0.105357326567173
      ],
      [
        -0.07072514295578003,
        0.15236321091651917,
        -0.13110962510108948,
        -0.16243135929107666,
        -0.008624965324997902,
        -0.002513442886993289,
        -0.08842387050390244,
        0.0696609690785408,
        -0.0610579252243042,
        -0.03717372566461563,
        0.0988347977399826,
        0.02506920136511326,
        -0.06959383934736252,
        0.05672529339790344,
        0.049253370612859726,
        0.07190300524234772,
        -0.03451906889677048,
        0.10096217691898346,
        -0.18287165462970734,
        -0.02086838148534298,
        1.4278186559677124,
        -0.1070852056145668,
        0.0899682566523552,
        -0.05989840254187584,
        -0.06368651241064072,
        0.11841917783021927,
        -0.028579164296388626,
        0.005257373210042715,
        -0.128435418009758,
        -0.0941593199968338,
        -0.23489928245544434,
        -0.059219736605882645,
        -0.014810789376497269,
        -0.17843736708164215,
        0.05102561414241791,
        0.029058845713734627,
        0.06627196818590164,
        -0.05445908010005951,
        -0.06814654916524887,
        0.0346844382584095,
        0.1715354174375534,
        0.14201822876930237,
        -0.11987467855215073,
        0.06385751813650131,
        0.0964585617184639,
        0.07912649214267731,
        -0.2617585062980652,
        0.015458201058208942,
        0.05647355690598488,
        -0.17694689333438873,
        0.005472996272146702,
        -0.11247920989990234,
        -0.16335438191890717,
        -0.16543465852737427,
        0.08551584184169769,
        -0.06598054617643356,
        0.17086610198020935,
        0.0577508807182312,
        -0.18323807418346405,
        -0.09569299221038818,
        -0.1378721296787262,
        -0.1919359415769577,
        0.09872692823410034,
        0.09379451721906662
      ],
