{
  "sampler_0": {
    "cov": [
      [
        1.3497099876403809,
        0.025982746854424477,
        -0.11688801646232605,
        -0.011658625677227974,
        0.09123799204826355,
        -0.02529153786599636,
        -0.1542683094739914,
        -0.05509113520383835,
        -0.07498273998498917,
        0.16521215438842773,
        0.014239956624805927,
        0.1308070719242096,
        -0.023173848167061806,
        -0.15881769359111786,
        0.012125452049076557,
        0.03153098002076149,
        0.07152852416038513,
        -0.1365262120962143,
        0.03972594439983368,
        -0.04790109395980835,
        0.05604981258511543,
        -0.11281758546829224,
        0.0885680764913559,
        -0.0703144446015358,
        -0.0867825374007225,
        0.19030344486236572,
        0.027135351672768593,
        0.10197131335735321,
        -0.07008951157331467,
        0.02484789490699768,
        -0.24995873868465424,
        -0.030325863510370255,
        0.06316489726305008,
        0.06523268669843674,
        0.12487170100212097,
        0.014894124120473862,
        -0.051686085760593414,
        0.03900950774550438,
        0.06888247281312943,
        -0.04403604567050934,
        -0.15371260046958923,
        0.10392292588949203,
        0.051898617297410965,
        0.05665711686015129,
        0.05326614901423454,
        -0.016646141186356544,
        -0.01944693922996521,
        0.043588437139987946,
        -0.0603765994310379,
        0.014380733482539654,
        0.04229193180799484,
        -0.05024406313896179,
        -0.036978837102651596,
        -0.10652081668376923,
        0.2892841696739197,
        0.07453162223100662,
        0.17245520651340485,
        -0.06151922792196274,
        0.0014292991254478693,
        -0.032949160784482956,
        0.038619715720415115,
        0.04642632231116295,
        -0.04683550074696541,
        -0.008130358532071114,
        -0.04941082000732422,
        -0.09040860086679459,
        0.005643864627927542,
        -0.1252792924642563,
        0.004164981190115213,
        0.09939415752887726,
        0.15665113925933838,
        -0.2351692169904709,
        0.00701212789863348,
        -0.2193920910358429,
        0.04849233478307724,
        -0.060479529201984406,
        0.038999248296022415,
        0.09149438142776489,
        0.09446961432695389,
        -0.16524608433246613,
        0.026305414736270905,
        0.07132754474878311,
        0.03983756899833679,
        -0.015320728532969952,
        -0.12129253894090652,
        -0.0763036385178566,
        -0.22035010159015656,
        -0.03156842291355133,
        -0.07077611237764359,
        0.1021493524312973,
        0.19356659054756165,
        -0.05409742891788483,
        0.024591458961367607,
        0.12034406512975693,
        -0.018822649493813515,
        0.1423652172088623
      ],
      [
        0.025982746854424477,
        1.355406403541565,
        -0.05567378178238869,
        0.09114205837249756,
        -0.011510570533573627,
        0.10866352915763855,
        0.08700504899024963,
        0.002488776808604598,
        -0.05035374313592911,
        0.020204579457640648,
        -0.0863988921046257,
        0.0822238028049469,
        0.06298057734966278,
        -0.05499863624572754,
        -0.1641242355108261,
        0.14072778820991516,
        0.22891023755073547,
        -0.05616696551442146,
        0.10015609860420227,
        0.020361339673399925,
        0.004752703011035919,
        -0.09294785559177399,
        0.0694572925567627,
        0.1500754952430725,
        0.05557599291205406,
        0.032822225242853165,
        -0.03291976451873779,
        0.1403741091489792,
        0.15036676824092865,
        0.0043385811150074005,
        -0.0037397826090455055,
        -0.027264555916190147,
        -0.002622811822220683,
        0.10767153650522232,
        -0.034998536109924316,
        0.13847772777080536,
        -0.08260364830493927,
        0.09666091203689575,
        0.05213390290737152,
        -0.07861509919166565,
        -0.06252976506948471,
        0.20312000811100006,
        -0.07229055464267731,
        -0.026806257665157318,
        0.0634009838104248,
        0.024421291425824165,
        0.19758464395999908,
        -0.12512144446372986,
        -0.04683944955468178,
        0.02229359559714794,
        0.12738478183746338,
        0.04408511891961098,
        -0.0729449912905693,
        0.019617600366473198,
        -0.01649058796465397,
        -2.636884710227605e-05,
        0.13508044183254242,
        -0.10953129082918167,
        -0.023621244356036186,
        -0.10010656714439392,
        -0.08238285779953003,
        -0.03455442562699318,
        0.057107117027044296,
        -0.1380605548620224,
        0.12771698832511902,
        0.08416678756475449,
        0.0366225391626358,
        -0.16814173758029938,
        -0.07776424288749695,
        -0.17606258392333984,
        -0.04435227811336517,
        -0.14342206716537476,
        0.050018858164548874,
        0.3444931209087372,
        0.007518250960856676,
        -0.13877584040164948,
        -0.025242140516638756,
        0.1590956151485443,
        -0.08895794302225113,
        -0.0721939280629158,
        0.07450592517852783,
        -0.1121201366186142,
        -0.008320655673742294,
        -0.000567807350307703,
        -0.02506496012210846,
        -0.10503095388412476,
        0.21909429132938385,
        -0.10739543288946152,
        0.0899631679058075,
        0.16465581953525543,
        0.0648571252822876,
        -0.08453157544136047,
        0.05613503232598305,
        0.10238068550825119,
        0.00400962820276618,
        -0.21733319759368896
      ],
      [
        -0.11688801646232605,
        -0.05567378178238869,
        1.5832704305648804,
        -0.01886863261461258,
        0.048331119120121,
        -0.08763892948627472,
        0.20716992020606995,
        0.02782728336751461,
        0.05692773684859276,
        0.1129569411277771,
        -0.002432116772979498,
        0.054618123918771744,
        0.029956448823213577,
        -0.02553533762693405,
        0.00576689001172781,
        -0.06282787770032883,
        0.08946408331394196,
        0.14827708899974823,
        -0.009481917135417461,
        -0.03960602357983589,
        0.21682241559028625,
        -0.15494681894779205,
        0.04550349339842796,
        0.20949384570121765,
        -0.21148304641246796,
        -0.03673561289906502,
        0.01278479304164648,
        0.061892084777355194,
        -0.02767874486744404,
        0.21280750632286072,
        0.1440608650445938,
        -0.014267386868596077,
        -0.03576544672250748,
        0.12504538893699646,
        0.018050147220492363,
        0.014001578092575073,
        -0.12532275915145874,
        -0.0359613336622715,
        0.033350370824337006,
        -0.06230532377958298,
        0.11995924264192581,
        0.16582424938678741,
        0.012426705099642277,
        -0.18618878722190857,
        0.11708986014127731,
        0.11598306149244308,
        0.009744701907038689,
        0.10666658729314804,
        0.2890665829181671,
        0.003142641158774495,
        0.1024138554930687,
        0.05666085705161095,
        0.015485669486224651,
        0.039983950555324554,
        -0.027797864750027657,
        0.10637138783931732,
        -0.15274673700332642,
        0.05501604452729225,
        0.05445601046085358,
        0.00799924973398447,
        -0.05850447341799736,
        0.18180911242961884,
        -0.11212623864412308,
        0.2077372968196869,
        0.020177248865365982,
        0.14003552496433258,
        -0.10709329694509506,
        0.0051715802401304245,
        -0.05361036956310272,
        0.14145833253860474,
        -0.23081761598587036,
        0.057727932929992676,
        0.05140133947134018,
        -0.09240057319402695,
        -0.053076863288879395,
        0.03849654272198677,
        -0.18429142236709595,
        -0.08223932236433029,
        -0.17183898389339447,
        -0.0011150455102324486,
        0.019074946641921997,
        -0.11378201842308044,
        0.0332263708114624,
        -0.1189059317111969,
        0.14910459518432617,
        0.16069395840168,
        -0.13945282995700836,
        0.1751660704612732,
        0.1172761619091034,
        0.19953930377960205,
        -0.10184457153081894,
        0.04885581135749817,
        -0.00934948492795229,
        0.1341339647769928,
        0.09276075661182404,
        0.08608899265527725
      ],
      [
        -0.011658625677227974,
        0.09114205837249756,
        -0.01886863261461258,
        1.1623624563217163,
        -0.05865844339132309,
        -0.010400593280792236,
        -0.009443463757634163,
        0.16163261234760284,
        -0.003961054142564535,
        -0.026730956509709358,
        -0.01322459802031517,
        0.0329369381070137,
        -0.00940336287021637,
        5.805176624562591e-05,
        0.08896151930093765,
        -0.13230951130390167,
        -0.05530620738863945,
        -0.021655874326825142,
        -0.19954435527324677,
        -0.02752641774713993,
        0.03768320009112358,
        0.14889714121818542,
        -0.07493047416210175,
        -0.10611844062805176,
        -0.2463032752275467,
        0.08754783123731613,
        0.0690588504076004,
        0.1412602961063385,
        0.15854188799858093,
        -0.08761778473854065,
        0.06480612605810165,
        -0.12249062955379486,
        0.01604108139872551,
        0.13483648002147675,
        0.1954907476902008,
        0.09644369035959244,
        0.08564621210098267,
        0.09168758988380432,
        -0.058320287615060806,
        0.2062338888645172,
        0.00844649039208889,
        -0.1338787078857422,
        0.12506641447544098,
        0.013807372190058231,
        -0.11633341014385223,
        0.12971343100070953,
        -0.023292414844036102,
        -0.08424563705921173,
        0.0478600338101387,
        -0.07678695023059845,
        0.19262218475341797,
        -0.003487266832962632,
        0.07933590561151505,
        0.07793106138706207,
        0.15354280173778534,
        -0.09471375495195389,
        -0.033563580363988876,
        -0.11106383055448532,
        -0.1398838460445404,
        -0.08771310746669769,
        -0.01716226525604725,
        0.07251538336277008,
        0.011248491704463959,
        -0.11851529031991959,
        -0.06373624503612518,
        0.03477946296334267,
        -0.07742618024349213,
        0.09590598195791245,
        -0.18893803656101227,
        -0.028890419751405716,
        0.018356891348958015,
        -0.015450687147676945,
        0.2021326720714569,
        0.13682876527309418,
        0.11605484038591385,
        0.008187948726117611,
        -0.07035930454730988,
        0.09133186936378479,
        0.017583008855581284,
        0.022468358278274536,
        0.18879693746566772,
        -0.007901733741164207,
        -0.19242437183856964,
        0.05343247577548027,
        -0.31804463267326355,
        -0.10727263987064362,
        -0.001827543368563056,
        0.23526284098625183,
        -0.09725584834814072,
        -0.14370982348918915,
        -0.02155352756381035,
        -0.09192273020744324,
        0.015778077766299248,
        -0.13805358111858368,
        -0.07486579567193985,
        0.186149001121521
      ],
      [
        0.09123799204826355,
        -0.011510570533573627,
        0.048331119120121,
        -0.05865844339132309,
        1.1920777559280396,
        0.1139545887708664,
        0.09130138158798218,
        -0.02053934335708618,
        0.11356665939092636,
        0.11141850054264069,
        0.10963964462280273,
        0.10824854671955109,
        0.06489123404026031,
        0.009248604066669941,
        0.10101146250963211,
        0.11905262619256973,
        -0.01266351155936718,
        0.08559536933898926,
        0.07029642164707184,
        -0.18062904477119446,
        0.10974297672510147,
        -0.003301110351458192,
        0.08161219954490662,
        -0.05320371314883232,
        0.11531008780002594,
        0.05889302119612694,
        0.08510586619377136,
        -0.030015725642442703,
        -0.08573917299509048,
        0.06675606220960617,
        -0.13617321848869324,
        0.02912733517587185,
        -0.050191376358270645,
        -0.019623588770627975,
        -0.15550628304481506,
        0.05747656896710396,
        -0.12240109592676163,
        0.021633503958582878,
        -0.13555079698562622,
        -0.02754250168800354,
        -0.090066097676754,
        -0.1499955654144287,
        -0.110685795545578,
        -0.10982954502105713,
        0.10527331382036209,
        0.06993720680475235,
        0.18987300992012024,
        0.13194243609905243,
        0.06576535105705261,
        0.04108119755983353,
        0.0950317233800888,
        -0.018867451697587967,
        -0.13419534265995026,
        0.0037994971498847008,
        -0.004181363619863987,
        -0.07168710231781006,
        0.03610628843307495,
        0.24112626910209656,
        0.1036478728055954,
        0.1389731913805008,
        0.08022169023752213,
        -0.08799870312213898,
        0.018420882523059845,
        0.190284863114357,
        0.022216463461518288,
        0.10392501205205917,
        0.0166378915309906,
        0.048896729946136475,
        0.15668678283691406,
        0.04602508246898651,
        -0.12109553813934326,
        -0.11736394464969635,
        -0.012796550057828426,
        -0.009994922205805779,
        -0.044215280562639236,
        0.07212396711111069,
        -0.2129271775484085,
        0.11817971616983414,
        0.08828994631767273,
        0.04179587587714195,
        -0.10982861369848251,
        -0.04821554943919182,
        -0.04770885780453682,
        -0.09648218750953674,
        0.03815694525837898,
        0.12586821615695953,
        -0.17967405915260315,
        -0.12830397486686707,
        -0.12863361835479736,
        0.05529109016060829,
        0.14026658236980438,
        -0.10293255001306534,
        0.051847536116838455,
        -0.11107736825942993,
        -0.07300809025764465,
        0.0004093410971108824
      ],
      [
        -0.02529153786599636,
        0.10866352915763855,
        -0.08763892948627472,
        -0.010400593280792236,
        0.1139545887708664,
        1.570563554763794,
        0.05020347610116005,
        0.10132542997598648,
        0.08366987109184265,
        -0.05645215883851051,
        -0.09828348457813263,
        -0.013867921195924282,
        0.16621355712413788,
        -0.04642613232135773,
        0.13715335726737976,
        -0.036924172192811966,
        0.047494255006313324,
        0.13816189765930176,
        0.12537354230880737,
        -0.2633611261844635,
        0.12936435639858246,
        -0.05854146182537079,
        0.09368196874856949,
        0.08461780101060867,
        -0.10225285589694977,
        -0.04571066051721573,
        0.1534525454044342,
        -0.17893783748149872,
        -0.16450905799865723,
        -0.05853432044386864,
        0.01087839063256979,
        0.24637584388256073,
        -0.03851554915308952,
        -0.16727539896965027,
        0.0670546442270279,
        0.08890052139759064,
        -0.05520929768681526,
        0.16089458763599396,
        -0.15665249526500702,
        -0.030220845714211464,
        -0.04071348160505295,
        0.08697590231895447,
        -0.07590789347887039,
        -0.1805741786956787,
        0.004121227655559778,
        -0.19641289114952087,
        0.08046239614486694,
        -0.08232129365205765,
        -0.020737290382385254,
        0.054970573633909225,
        0.12206351011991501,
        -0.021130165085196495,
        -0.17999151349067688,
        -0.03478842228651047,
        0.12691320478916168,
        -0.08545791357755661,
        0.22367742657661438,
        0.18235953152179718,
        -0.05946500599384308,
        -0.28957241773605347,
        -0.3624458312988281,
        -0.15897172689437866,
        0.09508346766233444,
        0.18295079469680786,
        -0.03778553009033203,
        -0.11541949212551117,
        -0.002531220205128193,
        -0.020981844514608383,
        0.043793052434921265,
        0.0776064395904541,
        0.05541205406188965,
        -0.22047097980976105,
        0.08113864064216614,
        0.29478269815444946,
        -0.048184528946876526,
        0.33960843086242676,
        0.07285349816083908,
        0.19502554833889008,
        0.05661962553858757,
        0.2103787660598755,
        -0.10368841886520386,
        -0.06183561682701111,
        -0.11612248420715332,
        0.021189194172620773,
        0.0858222022652626,
        0.05844292789697647,
        0.08789648115634918,
        -0.024997958913445473,
        -0.036972034722566605,
        -0.042627740651369095,
        0.052056245505809784,
        -0.20666664838790894,
        -0.011166303418576717,
        0.06309289485216141,
        -0.10755985975265503,
        0.01255777571350336
      ],
      [
        -0.1542683094739914,
        0.08700504899024963,
        0.20716992020606995,
        -0.009443463757634163,
        0.09130138158798218,
        0.05020347610116005,
        1.5609699487686157,
        -0.19163349270820618,
        -0.12360192090272903,
        0.1609516590833664,
        0.10746597498655319,
        -0.01720253750681877,
        0.020441072061657906,
        0.07783927768468857,
        0.0636444017291069,
        0.024362191557884216,
        0.3111214339733124,
        0.18991924822330475,
        -0.06535863876342773,
        0.05663570761680603,
        0.10342977941036224,
        0.05034971982240677,
        0.2680060863494873,
        0.16996724903583527,
        -0.04261133074760437,
        -0.0449240542948246,
        -0.10098101943731308,
        -0.03376021981239319,
        -0.06512171030044556,
        -0.024805350229144096,
        0.1667928397655487,
        -0.01445302739739418,
        0.03779001533985138,
        -0.10028114914894104,
        0.04886133223772049,
        -0.14654739201068878,
        0.05495899170637131,
        -0.028570685535669327,
        -0.11026276648044586,
        -0.07739096134901047,
        -0.10752882063388824,
        0.11543133109807968,
        0.1386716663837433,
        -0.11409121751785278,
        0.16335684061050415,
        0.056286562234163284,
        -0.17946133017539978,
        0.04962778091430664,
        0.0418732650578022,
        -0.08814740926027298,
        -0.007065484765917063,
        0.09245841950178146,
        -0.17012810707092285,
        0.14081522822380066,
        0.019459310919046402,
        -0.21428464353084564,
        -0.01609198935329914,
        0.11074408888816833,
        -0.2322777956724167,
        -0.004288636147975922,
        0.09330785274505615,
        0.01132992748171091,
        -0.10871522128582001,
        0.15378955006599426,
        0.05583907291293144,
        0.03463385999202728,
        0.0025845873169600964,
        -0.14210142195224762,
        -0.04839435964822769,
        0.08729784935712814,
        -0.09540673345327377,
        0.09785281866788864,
        -0.1037871465086937,
        0.10856910794973373,
        -0.02296634204685688,
        0.2870810925960541,
        0.0936402678489685,
        0.1933547556400299,
        -0.06817744672298431,
        0.272695392370224,
        0.015246533788740635,
        0.09690351784229279,
        -0.06032589077949524,
        -0.1215076893568039,
        0.07418717443943024,
        0.08227542042732239,
        0.006197427399456501,
        0.17667996883392334,
        0.04117897152900696,
        -0.022130321711301804,
        -0.18996992707252502,
        0.06131165847182274,
        0.08853155374526978,
        -0.037787195295095444,
        -0.1063152402639389,
        0.17659182846546173
      ],
      [
        -0.05509113520383835,
        0.002488776808604598,
        0.02782728336751461,
        0.16163261234760284,
        -0.02053934335708618,
        0.10132542997598648,
        -0.19163349270820618,
        1.3714162111282349,
        0.15729251503944397,
        0.13473215699195862,
        -0.17160294950008392,
        -0.044717635959386826,
        -0.020589368417859077,
        -0.0017151535721495748,
        0.1246022954583168,
        -0.08866912126541138,
        -0.22856251895427704,
        0.15034955739974976,
        -0.10363784432411194,
        -0.1270313560962677,
        0.1770319789648056,
        0.004066432826220989,
        -0.2090183049440384,
        0.07327403873205185,
        -0.017005953937768936,
        0.07961859554052353,
        0.1123262345790863,
        0.019718240946531296,
        -0.01666725054383278,
        0.13438695669174194,
        -0.13582761585712433,
        -0.0942917913198471,
        0.00042842543916776776,
        0.08061670511960983,
        0.0731944739818573,
        0.21660426259040833,
        0.09734980762004852,
        0.2368185967206955,
        0.16318927705287933,
        0.07600350677967072,
        0.051650699228048325,
        0.10196336358785629,
        -0.009706022217869759,
        -0.17832259833812714,
        -0.005380065646022558,
        -0.027062352746725082,
        0.11659007519483566,
        -0.16045601665973663,
        0.031610794365406036,
        -0.01224789023399353,
        -0.010151452384889126,
        -0.018156040459871292,
        0.004895489662885666,
        0.038913071155548096,
        0.00738341361284256,
        0.12499237060546875,
        0.19514836370944977,
        -0.07723325490951538,
        -0.17100656032562256,
        -0.08683536946773529,
        -0.05416763201355934,
        0.02489585243165493,
        0.29514268040657043,
        -0.03341423720121384,
        0.04753384739160538,
        0.14226694405078888,
        0.045765187591314316,
        -0.01628459244966507,
        0.018672317266464233,
        -0.04183543473482132,
        -0.3799978196620941,
        -0.08717352896928787,
        -0.11959172785282135,
        0.0630854144692421,
        0.11851884424686432,
        0.059048932045698166,
        0.1960158795118332,
        0.05183380842208862,
        -0.002515682252123952,
        0.1223936453461647,
        0.032005880028009415,
        -0.09953437000513077,
        0.13133753836154938,
        0.0014533462235704064,
        -0.06690702587366104,
        0.04149814322590828,
        0.06742314249277115,
        -0.03328494727611542,
        0.0878782719373703,
        -0.156598761677742,
        0.11015095561742783,
        0.1848316788673401,
        0.17466329038143158,
        -0.035529881715774536,
        0.08456434309482574,
        -0.031016895547509193
      ],
      [
        -0.07498273998498917,
        -0.05035374313592911,
        0.05692773684859276,
        -0.003961054142564535,
        0.11356665939092636,
        0.08366987109184265,
        -0.12360192090272903,
        0.15729251503944397,
        1.2541135549545288,
        -0.08785481005907059,
        0.12265638262033463,
        0.1002863422036171,
        0.07014212012290955,
        0.04515229910612106,
        0.307654470205307,
        -0.1258518397808075,
        -0.0263846293091774,
        -0.03995726257562637,
        -0.06434082239866257,
        -0.04236304759979248,
        -0.17452500760555267,
        -0.11286084353923798,
        0.10616528987884521,
        0.1085066869854927,
        0.02823569066822529,
        0.08724407106637955,
        0.07978236675262451,
        -0.10442979633808136,
        0.01698107086122036,
        -0.08737479150295258,
        0.05582621693611145,
        -0.004780835937708616,
        -0.05928570032119751,
        -0.10543836653232574,
        0.013409038074314594,
        -0.014572174288332462,
        -0.09266068041324615,
        0.025479106232523918,
        -0.006829210091382265,
        -0.09138857573270798,
        -0.07317636907100677,
        -0.07684982568025589,
        -0.05881057679653168,
        0.01100038830190897,
        -0.04565522074699402,
        -0.0009706321288831532,
        0.12323226034641266,
        0.12375528365373611,
        0.20808827877044678,
        0.10480472445487976,
        0.017675653100013733,
        0.09893796592950821,
        0.0841786190867424,
        0.057319026440382004,
        -0.04541517049074173,
        0.00830085389316082,
        -0.05983167886734009,
        0.06048141419887543,
        -0.12557969987392426,
        -0.2642970383167267,
        -0.06438089162111282,
        -0.10489555448293686,
        0.12292242050170898,
        -0.03671910613775253,
        -0.10507898777723312,
        0.0699043869972229,
        -0.10414589941501617,
        -0.09206978231668472,
        -0.031004510819911957,
        -0.025453785434365273,
        0.04205452650785446,
        0.0690990537405014,
        -0.13803566992282867,
        -0.06534138321876526,
        -0.12825897336006165,
        -0.015013111755251884,
        -0.0051868753507733345,
        -0.09362020343542099,
        -0.01425995584577322,
        -0.2209763526916504,
        -0.12413063645362854,
        -0.03566420450806618,
        0.051143545657396317,
        0.2144387811422348,
        0.16459840536117554,
        0.07828931510448456,
        0.05088110268115997,
        -0.06612562388181686,
        -0.06614910811185837,
        -0.008780975826084614,
        0.07151269167661667,
        0.020214177668094635,
        0.09021972119808197,
        0.0744980052113533,
        0.2037656456232071,
        -0.16573262214660645
      ],
      [
        0.16521215438842773,
        0.020204579457640648,
        0.1129569411277771,
        -0.026730956509709358,
        0.11141850054264069,
        -0.05645215883851051,
        0.1609516590833664,
        0.13473215699195862,
        -0.08785481005907059,
        1.2364009618759155,
        -0.12236115336418152,
        0.03521394729614258,
        -0.011997734196484089,
        -0.042736075818538666,
        -0.05534876883029938,
        0.1900312900543213,
        0.03156440705060959,
        0.15740126371383667,
        -0.1071590930223465,
        -0.03103780932724476,
        -0.027182459831237793,
        -0.10667583346366882,
        0.03638460114598274,
        0.040002889931201935,
        -0.017648572102189064,
        -0.041266731917858124,
        0.1808117926120758,
        0.07245276868343353,
        0.011811201460659504,
        0.031368792057037354,
        -0.12823091447353363,
        -0.021023515611886978,
        0.0061419084668159485,
        -0.04311452433466911,
        -0.0020521492697298527,
        -0.039870038628578186,
        -0.022528139874339104,
        0.018218599259853363,
        -0.0845208540558815,
        -0.10105173289775848,
        -0.07238201051950455,
        0.08881016075611115,
        -0.07538303732872009,
        -0.013932219706475735,
        -0.0015670799184590578,
        0.15823601186275482,
        0.014105064794421196,
        0.13867402076721191,
        0.10285566747188568,
        0.14690463244915009,
        0.09791270643472672,
        0.033313553780317307,
        -0.07012934237718582,
        0.05367833375930786,
        0.06911494582891464,
        -0.11546886712312698,
        0.06110715493559837,
        0.13481935858726501,
        -0.03390541300177574,
        0.05532015115022659,
        -0.03042895905673504,
        -0.0938498005270958,
        0.10376106202602386,
        0.0010437745368108153,
        0.19171904027462006,
        -0.06179485842585564,
        -0.02831084094941616,
        -0.09700272232294083,
        0.01757357455790043,
        0.02614627406001091,
        -0.058999475091695786,
        -0.028716005384922028,
        0.00820056814700365,
        -0.11771496385335922,
        0.03139899671077728,
        0.04175984486937523,
        0.0029695099219679832,
        -0.002726359758526087,
        -0.051225606352090836,
        0.05986770614981651,
        0.032396771013736725,
        -0.02729574404656887,
        -0.025926802307367325,
        -0.11544283479452133,
        -0.1025179773569107,
        0.14161045849323273,
        -0.13038034737110138,
        -0.028835704550147057,
        -0.05916754528880119,
        0.014008904807269573,
        -0.06752100586891174,
        0.07353898137807846,
        -0.057570651173591614,
        -0.07538893818855286,
        0.12888090312480927,
        0.2523287534713745
      ],
      [
        0.014239956624805927,
        -0.0863988921046257,
        -0.002432116772979498,
        -0.01322459802031517,
        0.10963964462280273,
        -0.09828348457813263,
        0.10746597498655319,
        -0.17160294950008392,
        0.12265638262033463,
        -0.12236115336418152,
        1.6160084009170532,
        -0.14484767615795135,
        -0.06615637242794037,
        -0.03177209943532944,
        0.04160326346755028,
        -0.14913703501224518,
        0.15571404993534088,
        -0.07313904166221619,
        -0.1500551998615265,
        0.1495603621006012,
        -0.02379833161830902,
        0.011528382077813148,
        0.05769701674580574,
        -0.23340319097042084,
        -0.06023888289928436,
        0.15108835697174072,
        -0.08268602192401886,
        0.07720264047384262,
        -0.16522812843322754,
        -0.027314499020576477,
        0.03847050666809082,
        -0.0941290333867073,
        -0.004600529093295336,
        -0.1446293145418167,
        -0.2190704047679901,
        0.04357979819178581,
        0.017950166016817093,
        -0.12732084095478058,
        0.03715842217206955,
        0.042286746203899384,
        0.061820223927497864,
        -0.01340800803154707,
        -0.07797752320766449,
        0.16122038662433624,
        -0.07762403786182404,
        0.22744445502758026,
        0.09319552779197693,
        -0.1257397085428238,
        0.154518723487854,
        -0.11329714953899384,
        0.13265907764434814,
        0.11750419437885284,
        0.012046020478010178,
        0.08801881968975067,
        0.028177505359053612,
        0.041443780064582825,
        -0.1398276686668396,
        -0.007885269820690155,
        -0.26486456394195557,
        0.008884236216545105,
        0.0538657046854496,
        0.09026265144348145,
        -0.03184066340327263,
        0.10958585888147354,
        -0.06217363476753235,
        -0.028596380725502968,
        0.06087207421660423,
        -0.1953783482313156,
        -0.046873848885297775,
        0.11470499634742737,
        0.12637002766132355,
        -0.003483762498944998,
        0.05794832110404968,
        -0.08833044022321701,
        -0.01849849335849285,
        0.02844984643161297,
        -0.3304639458656311,
        0.0871325209736824,
        0.009484308771789074,
        -0.11191856116056442,
        -0.1266629844903946,
        0.03172597289085388,
        0.22116099298000336,
        -0.036462750285863876,
        0.02150997519493103,
        0.15304766595363617,
        0.1836782693862915,
        0.07857442647218704,
        -0.09158037602901459,
        -0.1285077929496765,
        -0.12360858917236328,
        0.0008604151662439108,
        0.1576673686504364,
        0.13223470747470856,
        -0.14719972014427185,
        -0.02796339802443981
      ],
      [
        0.1308070719242096,
        0.0822238028049469,
        0.054618123918771744,
        0.0329369381070137,
        0.10824854671955109,
        -0.013867921195924282,
        -0.01720253750681877,
        -0.044717635959386826,
        0.1002863422036171,
        0.03521394729614258,
        -0.14484767615795135,
        1.354101300239563,
        0.014598664827644825,
        -0.08420296013355255,
        0.12512251734733582,
        0.2019852250814438,
        0.02195504680275917,
        0.038908205926418304,
        0.038173869252204895,
        -0.13314589858055115,
        0.06570734828710556,
        0.13789956271648407,
        -0.0760437548160553,
        -0.053504087030887604,
        -0.06495197862386703,
        0.0542449951171875,
        -0.09905169904232025,
        0.034499745815992355,
        0.09536711126565933,
        -0.06285078823566437,
        -0.020737072452902794,
        0.24617686867713928,
        -0.017242059111595154,
        0.18661750853061676,
        -0.06954208016395569,
        0.01202668622136116,
        0.06585805118083954,
        -0.035856105387210846,
        -0.026856573298573494,
        -0.05905756726861,
        0.05054203420877457,
        -0.1801544427871704,
        0.22486254572868347,
        -0.042069997638463974,
        0.07617092877626419,
        -0.11163872480392456,
        0.0035863853991031647,
        -0.10460971295833588,
        -0.15663973987102509,
        -0.2359352707862854,
        0.05884331837296486,
        -0.1091342568397522,
        0.14951147139072418,
        -0.057413745671510696,
        -0.040396563708782196,
        -0.039816420525312424,
        0.03478536754846573,
        -0.009977069683372974,
        0.04181337356567383,
        -0.020455311983823776,
        -0.01967659220099449,
        -0.0467151440680027,
        -0.02447500452399254,
        -0.045084625482559204,
        -0.06503910571336746,
        0.027273835614323616,
        -0.2925153076648712,
        0.03358680382370949,
        -0.2944003641605377,
        0.02745567448437214,
        0.14335951209068298,
        -0.056412242352962494,
        -0.0530032254755497,
        -0.23676471412181854,
        -0.06177903339266777,
        0.02656332030892372,
        0.05573398247361183,
        0.242441326379776,
        -0.07939838618040085,
        -0.08457472175359726,
        -0.008816015906631947,
        0.08140809088945389,
        0.09046551585197449,
        -0.036867719143629074,
        0.04224086180329323,
        0.013586309738457203,
        -0.10555044561624527,
        -0.20097936689853668,
        -0.005946671590209007,
        -0.03799968212842941,
        0.2236817479133606,
        0.10774588584899902,
        0.3216012716293335,
        0.03821326419711113,
        -0.08802449703216553,
        -0.030916886404156685
      ],
      [
        -0.023173848167061806,
        0.06298057734966278,
        0.029956448823213577,
        -0.00940336287021637,
        0.06489123404026031,
        0.16621355712413788,
        0.020441072061657906,
        -0.020589368417859077,
        0.07014212012290955,
        -0.011997734196484089,
        -0.06615637242794037,
        0.014598664827644825,
        1.273743748664856,
        -0.2138981819152832,
        0.04237005114555359,
        0.0275262538343668,
        0.15582923591136932,
        -0.18408606946468353,
        0.11007771641016006,
        -0.0903705433011055,
        0.12252752482891083,
        0.1176358088850975,
        0.07431934773921967,
        -0.07412980496883392,
        -0.08851469308137894,
        -0.21197643876075745,
        -0.10473480820655823,
        0.016157615929841995,
        0.04947308450937271,
        0.0395485945045948,
        0.00565318251028657,
        0.07842594385147095,
        -0.004271276295185089,
        -0.03909856081008911,
        0.09089380502700806,
        0.03936120867729187,
        0.11998501420021057,
        0.019089695066213608,
        0.0003610634885262698,
        -0.07893646508455276,
        0.04116146266460419,
        0.008115114644169807,
        0.08263583481311798,
        0.04495566710829735,
        -0.00183040089905262,
        0.1617756187915802,
        0.04565232992172241,
        -0.0575835183262825,
        -0.07141219079494476,
        -0.018799960613250732,
        0.012755384668707848,
        0.09679371118545532,
        0.2033613920211792,
        0.053986433893442154,
        0.020038865506649017,
        -0.14102178812026978,
        0.05737457051873207,
        0.22499331831932068,
        -0.03786259517073631,
        0.022498326376080513,
        0.08360599726438522,
        0.03122473508119583,
        0.026885544881224632,
        0.1505449414253235,
        0.02089260146021843,
        -0.11913279443979263,
        -0.087117500603199,
        -0.014391965232789516,
        0.11317580193281174,
        -0.03699225187301636,
        -0.14396697282791138,
        0.039574798196554184,
        0.03801189735531807,
        -0.21442894637584686,
        -0.09699390828609467,
        -0.2330450713634491,
        -0.0690692812204361,
        0.17103947699069977,
        -0.1138700544834137,
        0.1856515258550644,
        0.137727290391922,
        -0.06836549192667007,
        -0.09248042851686478,
        -0.08223462849855423,
        0.18463945388793945,
        0.06812938302755356,
        -0.06685689836740494,
        0.01020677387714386,
        -0.06009254977107048,
        -0.07681667804718018,
        0.0922263041138649,
        0.08892274647951126,
        -0.050100259482860565,
        -0.11127538979053497,
        -0.148490309715271,
        -0.23691727221012115
      ],
      [
        -0.15881769359111786,
        -0.05499863624572754,
        -0.02553533762693405,
        5.805176624562591e-05,
        0.009248604066669941,
        -0.04642613232135773,
        0.07783927768468857,
        -0.0017151535721495748,
        0.04515229910612106,
        -0.042736075818538666,
        -0.03177209943532944,
        -0.08420296013355255,
        -0.2138981819152832,
        1.362762451171875,
        -0.0033519500866532326,
        -0.01435655727982521,
        -0.1277846246957779,
        0.109944187104702,
        -0.056026943027973175,
        0.08493660390377045,
        0.14395080506801605,
        0.010179344564676285,
        -0.04354751482605934,
        -0.1764921396970749,
        0.16867513954639435,
        0.02972635254263878,
        0.10163699090480804,
        0.08592290431261063,
        -0.0025234187487512827,
        0.045602861791849136,
        0.08834314346313477,
        -0.12028197199106216,
        0.12160133570432663,
        0.09148037433624268,
        -0.15427997708320618,
        -0.011406836099922657,
        0.035021666437387466,
        -0.12336806952953339,
        -0.11298160254955292,
        0.16829639673233032,
        0.1035420373082161,
        -0.004986350424587727,
        0.04255901277065277,
        0.023149505257606506,
        -0.001306505291722715,
        -0.13020071387290955,
        -0.09415502846240997,
        -0.012750579044222832,
        0.23786772787570953,
        0.0817139521241188,
        -0.007434556260704994,
        0.08886714279651642,
        -0.05935579165816307,
        -0.061390794813632965,
        -0.028405332937836647,
        0.20070764422416687,
        -0.0685180276632309,
        -0.0860176831483841,
        -0.05545054376125336,
        -0.15033544600009918,
        -0.04639935865998268,
        0.0972156971693039,
        0.06469690054655075,
        -0.12328913807868958,
        -0.04807960242033005,
        0.03529011830687523,
        -0.16563035547733307,
        0.07820247113704681,
        0.10005323588848114,
        -0.0713282972574234,
        -0.1199021264910698,
        0.039143454283475876,
        -0.011172615922987461,
        0.09312871843576431,
        -0.0475957989692688,
        0.018139302730560303,
        -0.11706296354532242,
        -0.08562256395816803,
        -0.07730749249458313,
        0.020793214440345764,
        -0.14406707882881165,
        -0.06617138534784317,
        -0.06689655035734177,
        0.1343156099319458,
        0.04417542368173599,
        -0.09066541492938995,
        0.1626652032136917,
        -0.04163448512554169,
        0.19588083028793335,
        0.019052451476454735,
        0.05077091231942177,
        -0.02896764874458313,
        -0.2065180391073227,
        -0.10892263799905777,
        0.2550537586212158,
        0.03145119175314903
      ],
      [
